bar0.png 0 96 143 166 534 0 184 224 254 534 0 272 94 342 534 0 360 448 430 534 0 448 369 518 534 1 122 539 139 563 1 210 539 228 563 1 298 539 316 563 1 385 539 405 563 1 475 539 491 563 1 53 524 69 548 1 21 439 69 463 1 21 355 69 379 1 21 270 69 294 1 21 186 69 210 1 21 101 69 125
bar1.png 0 96 94 154 534 0 169 363 227 534 0 241 362 300 534 0 314 419 373 534 0 387 123 445 534 0 460 475 518 534 1 116 539 133 563 1 189 539 206 563 1 262 539 279 563 1 334 539 353 563 1 408 539 424 563 1 485 539 494 563 1 53 524 69 548 1 21 432 69 456 1 21 341 69 365 1 21 249 69 273 1 21 157 69 181 1 21 66 69 90
bar2.png 0 96 323 154 534 0 169 403 227 534 0 241 504 300 534 0 314 298 373 534 0 387 293 445 534 0 460 94 518 534 1 116 539 133 563 1 189 539 206 563 1 262 539 279 563 1 334 539 353 563 1 408 539 424 563 1 485 539 494 563 1 53 524 69 548 1 37 464 69 488 1 21 403 69 427 1 21 343 69 367 1 21 282 69 306 1 21 222 69 246 1 21 161 69 185 1 21 101 69 125
bar3.png 0 96 302 139 534 0 150 94 193 534 0 204 166 247 534 0 258 146 302 534 0 312 144 356 534 0 367 500 410 534 0 421 147 464 534 0 475 142 518 534 1 109 539 126 563 1 163 539 180 563 1 217 539 234 563 1 270 539 290 563 1 326 539 342 563 1 384 539 393 563 1 433 539 452 563 1 487 539 506 563 1 53 524 69 548 1 21 436 69 460 1 21 348 69 372 1 21 259 69 283 1 21 171 69 195 1 21 83 69 107
bar4.png 0 96 94 185 534 0 207 480 296 534 0 318 161 407 534 0 429 192 518 534 1 132 539 149 563 1 243 539 260 563 1 354 539 371 563 1 464 539 484 563 1 53 524 69 548 1 37 434 69 458 1 37 344 69 368 1 37 255 69 279 1 37 165 69 189 1 21 75 69 99
bar5.png 0 96 102 154 534 0 169 206 227 534 0 241 93 300 534 0 314 224 373 534 0 387 403 445 534 0 460 447 518 534 1 116 539 133 563 1 189 539 206 563 1 262 539 279 563 1 334 539 353 563 1 408 539 424 563 1 485 539 494 563 1 53 524 69 548 1 37 472 69 496 1 21 420 69 444 1 21 368 69 392 1 21 316 69 340 1 21 264 69 288 1 21 212 69 236 1 21 160 69 184 1 21 108 69 132
bar6.png 0 96 514 139 534 0 150 187 193 534 0 204 473 247 534 0 258 280 302 534 0 312 438 356 534 0 367 432 410 534 0 421 290 464 534 0 475 93 518 534 1 109 539 126 563 1 163 539 180 563 1 217 539 234 563 1 270 539 290 563 1 326 539 342 563 1 384 539 393 563 1 433 539 452 563 1 487 539 506 563 1 53 524 69 548 1 37 427 69 451 1 21 329 69 353 1 21 232 69 256 1 21 135 69 159
bar7.png 0 96 94 145 534 0 158 260 208 534 0 220 149 270 534 0 282 260 332 534 0 344 404 394 534 0 406 297 456 534 0 469 135 518 534 1 112 539 129 563 1 174 539 191 563 1 236 539 254 563 1 297 539 317 563 1 361 539 377 563 1 427 539 436 563 1 484 539 503 563 1 53 524 69 548 1 37 431 69 455 1 37 339 69 363 1 37 246 69 270 1 37 153 69 177
bar8.png 0 96 447 185 534 0 207 138 296 534 0 318 430 407 534 0 429 94 518 534 1 132 539 149 563 1 243 539 260 563 1 354 539 371 563 1 464 539 484 563 1 53 524 69 548 1 37 456 69 480 1 21 388 69 412 1 21 320 69 344 1 21 252 69 276 1 21 184 69 208 1 21 117 69 141
bar9.png 0 96 428 216 534 0 247 94 367 534 0 398 416 518 534 1 147 539 165 563 1 298 539 316 563 1 449 539 467 563 1 53 524 69 548 1 21 467 69 491 1 21 409 69 433 1 21 352 69 376 1 21 294 69 318 1 21 237 69 261 1 21 179 69 203 1 21 122 69 146 1 21 64 69 88
